0 1 0 2.5 1
0.1 1 0 2.5 1
0.2 1 0 2.5 1
0.3 1 0 2.5 1
0.4 1 0 2.5 1
0.5 1 0 2.5 1
0.6 1 0 2.5 1
0.7 1 0 2.5 1
0.8 1 0 2.5 1
0.9 1 0 2.5 1
1 1 0 2.5 1
1.1 1 0 2.5 1
1.2 1 0 2.5 1
1.3 1 0 2.5 1
1.4 1 0 2.5 1
1.5 1 0 2.5 1
1.6 1 0 2.5 1
1.7 1 0 2.5 1
1.8 1 0 2.5 1
1.9 1 0 2.5 1
2 1 0 2.5 1
2.1 1 0 2.5 1
2.2 1 0 2.5 1
2.3 1 0 2.5 1
2.4 1 0 2.5 1
2.5 1 0 2.5 1
2.6 1 0 2.5 1
2.7 1 0 2.5 1
2.8 1 0 2.5 1
2.9 1 0 2.5 1
3 0.999995 0 2.5 1
3.1 1.00002 0 2.5 1
3.2 0.999933 0 2.5 1
3.3 1.00022 0 2.5 1
3.4 0.999349 0 2.5 1
3.5 1.00182 0 2.5 1
3.6 0.995356 0 2.5 1
3.7 1.01076 0 2.5 1
3.8 0.977754 0 2.5 1
3.9 1.04015 0 2.5 1
4 0.938959 0 2.5 1
4.1 1.07296 0 2.5 1
4.2 0.943036 0 2.5 1
4.3 1.00273 0 2.5 1
4.4 1.06454 0 2.5 1
4.5 0.920139 0 2.5 1
4.6 1.00203 0 2.5 1
4.7 1.09229 0 2.5 1
4.8 0.945571 0 2.5 1
4.9 0.911154 0 2.5 1
5 1.07714 0 0.875 0.35
5.1 1.10944 0 0.25 0.1
5.2 0.937963 0 0.25 0.1
5.3 0.839182 0 0.25 0.1
5.4 0.963769 0 0.25 0.1
5.5 1.16506 0 0.25 0.1
5.6 1.23109 0 0.25 0.1
5.7 1.09765 0 0.25 0.1
5.8 0.844112 0 0.25 0.1
5.9 0.582419 0 0.25 0.1
6 0.380362 0 0.25 0.1
6.1 0.252129 0 0.25 0.1
6.2 0.182158 0 0.25 0.1
6.3 0.148447 0 0.25 0.1
6.4 0.133849 0 0.25 0.1
6.5 0.128094 0 0.25 0.1
6.6 0.126008 0 0.25 0.1
6.7 0.125307 0 0.25 0.1
6.8 0.125088 0 0.25 0.1
6.9 0.125024 0 0.25 0.1
7 0.125006 0 0.25 0.1
7.1 0.125001 0 0.25 0.1
7.2 0.125 0 0.25 0.1
7.3 0.125 0 0.25 0.1
7.4 0.125 0 0.25 0.1
7.5 0.125 0 0.25 0.1
7.6 0.125 0 0.25 0.1
7.7 0.125 0 0.25 0.1
7.8 0.125 0 0.25 0.1
7.9 0.125 0 0.25 0.1
8 0.125 0 0.25 0.1
8.1 0.125 0 0.25 0.1
8.2 0.125 0 0.25 0.1
8.3 0.125 0 0.25 0.1
8.4 0.125 0 0.25 0.1
8.5 0.125 0 0.25 0.1
8.6 0.125 0 0.25 0.1
8.7 0.125 0 0.25 0.1
8.8 0.125 0 0.25 0.1
8.9 0.125 0 0.25 0.1
9 0.125 0 0.25 0.1
9.1 0.125 0 0.25 0.1
9.2 0.125 0 0.25 0.1
9.3 0.125 0 0.25 0.1
9.4 0.125 0 0.25 0.1
9.5 0.125 0 0.25 0.1
9.6 0.125 0 0.25 0.1
9.7 0.125 0 0.25 0.1
9.8 0.125 0 0.25 0.1
9.9 0.125 0 0.25 0.1
